00 00 02 63
00 00 04 13
00 50 02 93
00 54 20 23
00 40 02 93
00 54 22 23
00 30 02 93
00 54 24 23
00 20 02 93
00 54 26 23
00 10 02 93
00 54 28 23
00 00 02 93
00 54 2a 23
00 04 05 33
00 60 05 93
02 00 00 ef
00 04 22 83 
00 44 22 83
00 84 22 83
00 c4 22 83
01 04 22 83
01 44 22 83
00 02 82 b3
fe c1 01 13
00 81 20 23
00 91 22 23
01 21 24 23
01 31 26 23
01 41 28 23
00 05 04 13
00 05 84 93
00 00 09 13
00 00 09 93
00 00 0a 13
04 99 5a 63
ff f0 0a 13
00 1a 5a 13
00 09 09 93
02 99 de 63
00 09 82 93
00 22 92 93
00 82 82 b3
00 02 a3 03
03 43 50 63
00 09 03 93
00 23 93 93
00 83 83 b3
00 03 ae 03
01 c2 a0 23
00 63 a0 23
00 03 0a 13
00 19 89 93
fc 00 04 e3
00 19 09 13
fa 00 08 e3
01 01 2a 03
00 c1 29 83
00 81 29 03
00 41 24 83
00 01 24 03
01 41 01 13
00 00 80 67
