+----------------------------------------------------------------------------------------------------------------------------------------------------------------------------------------------------------------------------+
; Legal Partition Candidates                                                                                                                                                                                                 ;
+-----------------------+-------+----------------+--------------+----------------+--------+-----------------+---------------+-----------------+-------+----------------+--------------+------------------+-------------------+
; Hierarchy             ; Input ; Constant Input ; Unused Input ; Floating Input ; Output ; Constant Output ; Unused Output ; Floating Output ; Bidir ; Constant Bidir ; Unused Bidir ; Input only Bidir ; Output only Bidir ;
+-----------------------+-------+----------------+--------------+----------------+--------+-----------------+---------------+-----------------+-------+----------------+--------------+------------------+-------------------+
; _rd_data_wb           ; 98    ; 0              ; 0            ; 0              ; 32     ; 0               ; 0             ; 0               ; 0     ; 0              ; 0            ; 0                ; 0                 ;
; _next_pc_wb           ; 65    ; 0              ; 0            ; 0              ; 32     ; 0               ; 0             ; 0               ; 0     ; 0              ; 0            ; 0                ; 0                 ;
; _reg_rd_wb            ; 8     ; 2              ; 0            ; 2              ; 5      ; 2               ; 2             ; 2               ; 0     ; 0              ; 0            ; 0                ; 0                 ;
; _reg_alu_wb           ; 35    ; 2              ; 0            ; 2              ; 32     ; 2               ; 2             ; 2               ; 0     ; 0              ; 0            ; 0                ; 0                 ;
; _reg_read_data_wb     ; 35    ; 2              ; 0            ; 2              ; 32     ; 2               ; 2             ; 2               ; 0     ; 0              ; 0            ; 0                ; 0                 ;
; _reg_pc_4_wb          ; 35    ; 2              ; 0            ; 2              ; 32     ; 2               ; 2             ; 2               ; 0     ; 0              ; 0            ; 0                ; 0                 ;
; reg_rd_data_sel_wb    ; 5     ; 2              ; 0            ; 2              ; 2      ; 2               ; 2             ; 2               ; 0     ; 0              ; 0            ; 0                ; 0                 ;
; _register_write_en_wb ; 4     ; 2              ; 0            ; 2              ; 1      ; 2               ; 2             ; 2               ; 0     ; 0              ; 0            ; 0                ; 0                 ;
; _data_mem             ; 68    ; 0              ; 0            ; 0              ; 32     ; 0               ; 0             ; 0               ; 0     ; 0              ; 0            ; 0                ; 0                 ;
; _rd_me                ; 8     ; 2              ; 0            ; 2              ; 5      ; 2               ; 2             ; 2               ; 0     ; 0              ; 0            ; 0                ; 0                 ;
; _rs2_data_me          ; 35    ; 2              ; 0            ; 2              ; 32     ; 2               ; 2             ; 2               ; 0     ; 0              ; 0            ; 0                ; 0                 ;
; _alu_me               ; 35    ; 2              ; 0            ; 2              ; 32     ; 2               ; 2             ; 2               ; 0     ; 0              ; 0            ; 0                ; 0                 ;
; _pc_4_me              ; 35    ; 2              ; 0            ; 2              ; 32     ; 2               ; 2             ; 2               ; 0     ; 0              ; 0            ; 0                ; 0                 ;
; _rd_data_sel_me       ; 5     ; 2              ; 0            ; 2              ; 2      ; 2               ; 2             ; 2               ; 0     ; 0              ; 0            ; 0                ; 0                 ;
; _dm_control_me        ; 6     ; 2              ; 0            ; 2              ; 3      ; 2               ; 2             ; 2               ; 0     ; 0              ; 0            ; 0                ; 0                 ;
; _data_write_en_me     ; 4     ; 2              ; 0            ; 2              ; 1      ; 2               ; 2             ; 2               ; 0     ; 0              ; 0            ; 0                ; 0                 ;
; _register_write_en_me ; 4     ; 2              ; 0            ; 2              ; 1      ; 2               ; 2             ; 2               ; 0     ; 0              ; 0            ; 0                ; 0                 ;
; _branch_unit          ; 69    ; 0              ; 0            ; 0              ; 1      ; 0               ; 0             ; 0               ; 0     ; 0              ; 0            ; 0                ; 0                 ;
; _alu                  ; 68    ; 0              ; 0            ; 0              ; 32     ; 0               ; 0             ; 0               ; 0     ; 0              ; 0            ; 0                ; 0                 ;
; _alu_b                ; 65    ; 0              ; 0            ; 0              ; 32     ; 0               ; 0             ; 0               ; 0     ; 0              ; 0            ; 0                ; 0                 ;
; _alu_a                ; 65    ; 0              ; 0            ; 0              ; 32     ; 0               ; 0             ; 0               ; 0     ; 0              ; 0            ; 0                ; 0                 ;
; _forward_b            ; 98    ; 0              ; 0            ; 0              ; 32     ; 0               ; 0             ; 0               ; 0     ; 0              ; 0            ; 0                ; 0                 ;
; _forward_a            ; 98    ; 0              ; 0            ; 0              ; 32     ; 0               ; 0             ; 0               ; 0     ; 0              ; 0            ; 0                ; 0                 ;
; _forwarding_unit      ; 22    ; 0              ; 0            ; 0              ; 4      ; 0               ; 0             ; 0               ; 0     ; 0              ; 0            ; 0                ; 0                 ;
; _rs2_ex               ; 8     ; 1              ; 0            ; 1              ; 5      ; 1               ; 1             ; 1               ; 0     ; 0              ; 0            ; 0                ; 0                 ;
; _rs1_ex               ; 8     ; 1              ; 0            ; 1              ; 5      ; 1               ; 1             ; 1               ; 0     ; 0              ; 0            ; 0                ; 0                 ;
; _rd_ex                ; 8     ; 1              ; 0            ; 1              ; 5      ; 1               ; 1             ; 1               ; 0     ; 0              ; 0            ; 0                ; 0                 ;
; _imm_ex               ; 35    ; 1              ; 0            ; 1              ; 32     ; 1               ; 1             ; 1               ; 0     ; 0              ; 0            ; 0                ; 0                 ;
; _rs2_data_ex          ; 35    ; 1              ; 0            ; 1              ; 32     ; 1               ; 1             ; 1               ; 0     ; 0              ; 0            ; 0                ; 0                 ;
; _rs1_data_ex          ; 35    ; 1              ; 0            ; 1              ; 32     ; 1               ; 1             ; 1               ; 0     ; 0              ; 0            ; 0                ; 0                 ;
; _pc_ex                ; 35    ; 1              ; 0            ; 1              ; 32     ; 1               ; 1             ; 1               ; 0     ; 0              ; 0            ; 0                ; 0                 ;
; _pc_4_ex              ; 35    ; 1              ; 0            ; 1              ; 32     ; 1               ; 1             ; 1               ; 0     ; 0              ; 0            ; 0                ; 0                 ;
; _rd_data_sel_ex       ; 5     ; 1              ; 0            ; 1              ; 2      ; 1               ; 1             ; 1               ; 0     ; 0              ; 0            ; 0                ; 0                 ;
; _dm_control_ex        ; 6     ; 1              ; 0            ; 1              ; 3      ; 1               ; 1             ; 1               ; 0     ; 0              ; 0            ; 0                ; 0                 ;
; _data_write_en_ex     ; 4     ; 1              ; 0            ; 1              ; 1      ; 1               ; 1             ; 1               ; 0     ; 0              ; 0            ; 0                ; 0                 ;
; _branch_op_ex         ; 8     ; 1              ; 0            ; 1              ; 5      ; 1               ; 1             ; 1               ; 0     ; 0              ; 0            ; 0                ; 0                 ;
; _alu_op_ex            ; 7     ; 1              ; 0            ; 1              ; 4      ; 1               ; 1             ; 1               ; 0     ; 0              ; 0            ; 0                ; 0                 ;
; _alu_b_ex             ; 4     ; 1              ; 0            ; 1              ; 1      ; 1               ; 1             ; 1               ; 0     ; 0              ; 0            ; 0                ; 0                 ;
; _alu_a_ex             ; 4     ; 1              ; 0            ; 1              ; 1      ; 1               ; 1             ; 1               ; 0     ; 0              ; 0            ; 0                ; 0                 ;
; _register_write_en_ex ; 4     ; 1              ; 0            ; 1              ; 1      ; 1               ; 1             ; 1               ; 0     ; 0              ; 0            ; 0                ; 0                 ;
; _hazard               ; 16    ; 0              ; 0            ; 0              ; 1      ; 0               ; 0             ; 0               ; 0     ; 0              ; 0            ; 0                ; 0                 ;
; _imm_gen              ; 28    ; 0              ; 0            ; 0              ; 32     ; 0               ; 0             ; 0               ; 0     ; 0              ; 0            ; 0                ; 0                 ;
; _reg_unit             ; 49    ; 0              ; 0            ; 0              ; 64     ; 0               ; 0             ; 0               ; 0     ; 0              ; 0            ; 0                ; 0                 ;
; _control_unit         ; 17    ; 0              ; 0            ; 0              ; 22     ; 0               ; 0             ; 0               ; 0     ; 0              ; 0            ; 0                ; 0                 ;
; _instruction_de       ; 35    ; 0              ; 0            ; 0              ; 32     ; 0               ; 0             ; 0               ; 0     ; 0              ; 0            ; 0                ; 0                 ;
; reg_pc_de             ; 35    ; 0              ; 0            ; 0              ; 32     ; 0               ; 0             ; 0               ; 0     ; 0              ; 0            ; 0                ; 0                 ;
; _pc_4_de              ; 35    ; 0              ; 0            ; 0              ; 32     ; 0               ; 0             ; 0               ; 0     ; 0              ; 0            ; 0                ; 0                 ;
; _i_mem                ; 32    ; 0              ; 22           ; 0              ; 32     ; 0               ; 0             ; 0               ; 0     ; 0              ; 0            ; 0                ; 0                 ;
; _sum4                 ; 32    ; 0              ; 0            ; 0              ; 32     ; 0               ; 0             ; 0               ; 0     ; 0              ; 0            ; 0                ; 0                 ;
; _pc_fe                ; 35    ; 1              ; 0            ; 1              ; 32     ; 1               ; 1             ; 1               ; 0     ; 0              ; 0            ; 0                ; 0                 ;
+-----------------------+-------+----------------+--------------+----------------+--------+-----------------+---------------+-----------------+-------+----------------+--------------+------------------+-------------------+
